[hand_eye_calibration]
x = 0.05468636852374024
y = -0.029182661943126947
z = 0.05391824813032688
qx = -0.0036165657530785695
qy = -0.000780788838366878
qz = 0.7078681983794892
qw = 0.7063348529868249

