[hand_eye_calibration]
x = 0.010364490438968282
y = 0.9761820267121737
z = 0.7851538966660413
qx = -0.002766756527529222
qy = 0.9240729193982195
qz = -0.3820345980816771
qw = 0.011452098573653624

