[hand_eye_calibration]
x = 0.06368769256143975
y = -0.03381387171652182
z = 0.014737276902027934
qx = -0.0013226069635654527
qy = 0.010156144182763309
qz = 0.7033994048878417
qw = 0.7107210287092883

