[hand_eye_calibration]
x = -0.02935134137245539
y = 1.027902597609248
z = 0.6782599224684509
qx = 0.01090202112458331
qy = 0.9116313015556995
qz = -0.40965768021118326
qw = 0.03146587045121255

