[hand_eye_calibration]
x = 0.003808639660296986
y = -0.041474081764147575
z = -0.030755304268621598
qw = 0.718471364006919
qx = 0.020649136652914984
qy = 0.01695785899498766
qz = 0.6950431233210157

