[hand_eye_calibration]
x = -0.403232458522
y = -0.63937217783
z = -0.0814713287062
qw = 0.50485725461
qx = -0.489414097143
qy = 0.488883808847
qz = -0.51631929601

