[hand_eye_calibration]
x = 0.396058865103
y = -0.581972804353
z = -0.0917103242539
qw = 0.508095241712
qx = -0.491368293808
qy = -0.495398488181
qz = 0.504952238433

