[hand_eye_calibration]
x = 0.0325388687398
y = -0.702043973051
z = 0.523023032612
qw = 0.00677580204438
qx = 0.999927007232
qy = -0.00831166644454
qz = -0.00556640961782

