[hand_eye_calibration]
x = 0.03055418962051916
y = -0.03678663013446673
z = 0.04370657344478396
qw = 0.7012076823667301
qx = 0.006975508160767805
qy = 0.003500229057839146
qz = 0.7129143545141454

